camera_matrix:
- - 708.032206784551
  - 0.0
  - 314.11308886045515
- - 0.0
  - 706.2351141495017
  - 246.16059332622808
- - 0.0
  - 0.0
  - 1.0
dist_coeff:
- - -0.1072683385260205
  - 2.6555531186363206
  - 0.010698141495254125
  - 0.001898149847983964
  - -11.405052312582747
